1
1676
1464
8
201910
Instructor106
1807
0
201920
Instructor1041
1943
1
201920
Instructor1023
1391
-1
201930
Instructor1010
1997
0
201910
Instructor1028
0
1
1224
1457
6
201930
Instructor1020
1596
0
201920
Instructor102
1830
-1
201920
Instructor101
1444
-1
201920
Instructor1046
1433
7
201920
Instructor1023
0
1
1540
1635
10
201920
Instructor1043
1354
12
201920
Instructor1017
1770
0
201930
Instructor1045
1181
2
201910
Instructor1036
1713
8
201910
Instructor1018
0
1
1098
1054
1
201930
Instructor1024
1988
2
201910
Instructor1019
1676
12
201920
Instructor103
1521
3
201910
Instructor1030
1791
9
201910
Instructor1045
0
1
1487
1392
10
201920
Instructor101
1004
10
201920
Instructor104
1928
11
201920
Instructor1015
1920
10
201910
Instructor1010
1200
-1
201910
Instructor1020
0
1
1328
1044
-1
201910
Instructor1017
1627
9
201920
Instructor1010
1654
-1
201920
Instructor100
1994
9
201910
Instructor1023
1658
9
201920
Instructor1042
0
1
1061
1760
6
201910
Instructor1033
1502
8
201920
Instructor1042
1354
3
201920
Instructor108
1124
7
201920
Instructor1012
1711
0
201930
Instructor1039
0
1
1666
1318
5
201920
Instructor1013
1785
2
201910
Instructor1018
1923
-1
201910
Instructor1049
1790
12
201930
Instructor1042
1737
1
201910
Instructor1033
0
1
1547
1754
2
201920
Instructor1022
1933
4
201930
Instructor1044
1292
2
201930
Instructor1027
1408
11
201910
Instructor1042
1419
2
201910
Instructor1029
0
1
1882
1091
12
201910
Instructor103
1930
1
201930
Instructor1047
1248
3
201930
Instructor1039
1633
4
201920
Instructor1034
1855
0
201910
Instructor1016
0
1
1266
1388
6
201910
Instructor1044
1057
-1
201910
Instructor1038
1241
11
201930
Instructor108
1850
3
201930
Instructor101
1170
12
201920
Instructor1039
0
1
1073
1649
2
201930
Instructor1042
1816
9
201930
Instructor106
1251
-1
201920
Instructor1030
1007
10
201930
Instructor1016
1296
4
201920
Instructor108
0
1
1723
1095
1
201920
Instructor104
1770
2
201920
Instructor1016
1375
-1
201910
Instructor1013
1943
1
201910
Instructor1035
1098
2
201930
Instructor107
0
1
1764
1545
10
201910
Instructor103
1171
7
201930
Instructor1029
1137
-1
201920
Instructor1010
1007
12
201910
Instructor1043
1632
3
201920
Instructor105
0
1
1378
1326
-1
201920
Instructor1030
1534
-1
201930
Instructor1044
1088
-1
201910
Instructor1048
1618
-1
201930
Instructor1020
1901
-1
201910
Instructor1031
0
0

